-360
-359
-357
-356
-354
-353
-351
-350
-348
-347
-345
-344
-342
-341
-340
-338
-337
-335
-334
-332
-331
-329
-328
-326
-325
-323
-322
-321
-319
-318
-316
-315
-313
-312
-310
-309
-307
-306
-305
-303
-302
-300
-299
-297
-296
-294
-293
-291
-290
-288
-287
-286
-284
-283
-281
-280
-278
-277
-275
-274
-272
-271
-270
-269
-268
-267
-265
-264
-262
-261
-259
-258
-256
-255
-253
-252
-250
-249
-248
-246
-245
-243
-242
-240
-239
-237
-236
-234
-233
-231
-230
-229
-227
-226
-224
-223
-221
-220
-218
-217
-216
-215
-214
-212
-211
-210
-208
-207
-205
-204
-202
-201
-199
-198
-196
-195
-194
-192
-191
-189
-188
-186
-185
-183
-182
-180
-179
-177
-176
-175
-173
-172
-170
-169
-167
-166
-164
-163
-161
-160
-158
-157
-156
-154
-153
-151
-150
-148
-147
-145
-144
-142
-141
-139
-138
-137
-135
-134
-132
-131
-129
-128
-126
-125
-123
-122
-120
-119
-118
-116
-115
-113
-112
-110
-109
-107
-106
-104
-103
-102
-100
-99
-97
-96
-94
-93
-91
-90
-88
-87
-85
-84
-83
-81
-80
-78
-77
-75
-74
-72
-71
-69
-68
-66
-65
-64
-62
-61
-60
-59
-58
-56
-55
-53
-52
-50
-49
-47
-46
-45
-43
-42
-40
-39
-37
-36
-34
-33
-31
-30
-28
-27
-26
-24
-23
-21
-20
-18
-17
-15
-14
-12
-11
-9
-8
-7
-5
-4
-2
-1
0
2
4
5
7
8
9
11
12
14
15
17
18
20
21
23
24
26
27
28
30
31
33
34
36
37
39
40
42
43
45
46
47
49
50
52
53
55
56
58
59
60
61
62
64
65
66
68
69
71
72
74
75
77
78
80
81
83
84
85
87
88
90
91
93
94
96
97
99
100
102
103
104
106
107
109
110
112
113
115
116
118
119
120
122
123
125
126
128
129
131
132
134
135
137
138
139
141
142
144
145
147
148
150
151
153
154
156
157
158
160
161
163
164
166
167
169
170
172
173
175
176
177
179
180
182
183
185
186
188
189
191
192
194
195
196
198
199
201
202
204
205
207
208
210
211
212
214
215
216
217
218
220
221
223
224
226
227
229
230
231
233
234
236
237
239
240
242
243
245
246
248
249
250
252
253
255
256
258
259
261
262
264
265
267
268
269
270
271
272
274
275
277
278
280
281
283
284
286
287
288
290
291
293
294
296
297
299
300
302
303
305
306
307
309
310
312
313
315
316
318
319
321
322
323
325
326
328
329
331
332
334
335
337
338
340
341
342
344
345
347
348
350
351
353
354
356
357
359
360 