100000
500000
500000
500000
500000
400000
400000
400000
400000
400000
400000
400000
400000
400000
400000
400000
400000
400000
400000
400000
400000
400000
400000
400000
400000
400000
400000
400000
400000
400000
400000
300000
300000
300000
300000
300000
300000
300000
300000
300000
300000
300000
300000
300000
300000
300000
300000
300000
300000
300000
300000
300000
300000
300000
300000
300000
300000
400000
400000
400000
400000
400000
400000
400000
400000
400000
400000
400000
400000
400000
400000
400000
400000
400000
400000
400000
400000
400000
400000
400000
400000
400000
400000
400000
400000
400000
400000
400000
400000
400000
400000
400000
400000
400000
400000
400000
400000
400000
400000
400000
400000
400000
400000
400000
400000
400000
400000
400000
400000
400000
400000
400000
400000
400000
400000
400000
400000
400000
400000
400000
400000
400000
400000
400000
400000
400000
400000
400000
400000
400000
400000
400000
400000
400000
400000
400000
400000
400000
400000
400000
400000
400000
400000
400000
400000
400000
400000
400000
400000
400000
400000
400000
400000
400000
400000
500000
500000
500000
500000
500000
500000
500000
500000
500000
500000
500000
500000
500000
500000
600000
600000
600000
600000
600000
600000
600000
600000
600000
700000
700000
700000
700000
700000
700000
700000
700000
700000
700000
800000
800000
800000
800000
900000
900000
900000
900000
900000
1000000
1000000
1100000
1100000
1200000
1200000
1200000
1300000
1400000
1400000
1400000
1500000
1500000
1700000
1700000
1800000
1900000
2000000
2000000
2200000
2300000
2500000
2600000
2700000
3000000
3100000
3300000
3600000
4000000
4200000
4500000
4800000
5200000
5900000
6100000
6300000
6700000
7200000
7900000
8500000
9100000
10000000
10400000
10900000
11700000
12400000
12900000
13300000
13700000
14200000
16000000
16400000
16800000
17050000
17300000
17300000
17300000
17300000
17300000
17300000
17300000
17100000
16800000
16300000
15800000
15300000
14900000
14300000
13400000
12900000
12400000
11600000
10800000
10300000
9900000
9400000
8900000
8400000
7800000
7400000
6900000
6500000
6200000
5900000
5600000
5300000
5100000
4800000
4500000
4200000
4000000
3800000
3700000
3500000
3450000
3400000
3300000
3100000
3000000
2900000
2700000
2700000
2600000
2500000
2400000
2300000
2200000
2000000
2000000
2000000
2000000
1900000
1900000
1800000
1700000
1700000
1700000
1700000
1600000
1600000
1500000
1500000
1400000
1400000
1400000
1400000
1400000
1400000
1300000
1300000
1300000
1300000
1200000
1200000
1200000
1200000
1200000
1200000
1200000
1200000
1200000
1100000
1100000
1100000
1100000
1100000
1000000
1000000
1000000
1000000
1000000
1000000
900000
900000
900000
900000
900000
900000
900000
900000
900000
900000
900000
900000
800000
800000
800000
800000
800000
700000
700000
700000
700000
700000
700000
700000
700000
700000
700000
600000
600000
600000
600000
600000
600000
600000
600000
600000
500000
500000
500000
500000
500000
500000
500000
500000
500000
500000
500000
500000
500000
500000
500000
500000
500000
500000
500000
400000
400000
400000
400000
400000
400000
400000
400000
400000
400000
400000
400000
400000
400000
400000
400000
400000
400000
400000
400000
400000
400000
400000
400000
400000
400000
400000
400000
400000
400000
400000
400000
400000
400000
400000
400000
400000
400000
400000
400000
400000
400000
400000
400000
400000
400000
400000
400000
400000
400000
400000
400000
400000
400000
400000
400000
400000
400000
400000
400000
400000
400000
400000
400000
400000
400000
400000
400000
400000
400000
400000
400000
400000
400000
400000
400000
400000
400000
400000
400000
400000
400000
400000
400000
400000
400000
400000
400000
400000
400000
400000
400000
400000
400000
400000
400000 